% data
% This file can help include necessary varibles into Workspace



% AXX
% format: (x,y,type)
% type: 1--is_radar_station
A01=[264 715 1
258 719 0
274 728 0
264 728 0
254 728 0
257 733 0
260 731 0
262 733 0
268 733 0
270 739 0];

A02=[225 605 1
223 598 0
210 605 0
220 610 0
223 615 0
209 615 0
230 620 0
220 622 0
205 618 0];

A03=[168 538 1
168 542 0
164 544 0
168 545 0
174 544 0];

A04=[ 210 455 1
 180 455 0
 175 452 0
 170 453 0
 185 460 0
 178 460 0
 190 470 0
 183 473 0
 175 472 0
 180 476 0];

A05=[ 120 400 1
 119 388 0
 112 394 0
 125 410 0
 114 405 0
 116 410 0
 113 416 0];

A06=[ 96 304 1
 88 305 0
 100 312 0
 93 311 0
 86 310 0
 94 315 0];

A07=[ 10 451 1
 11 449 0
 13 450 0
 16 450 0
 12 453 0
 15 455 0];

A08=[ 162 660 1
 161 659 0
 159 659 0
 160 657 0
 164 658 0];

A09=[ 110 561 1
 110 563 0
 110 565 0
 109 567 0
 112 568 0];

A10=[ 105 473 1
 106 471 0
 103 473 0
 107 475 0
 104 477 0];

% Station
% format: (x,y,type)
% type: 1--with_FY-1
Station=[ 368 319 1
 264 44 0
 392 220 1
 360 110 0
 392 275 1
 296 242 0
 256 121 1];